# Alan Turing
# https://liacs.leidenuniv.nl/~kosterswa/nono/turingpuz.pdf
#
# x 
1
7 2 1
8 5 1
7 5 4 2
7 4 2 1 2
7 4 1 1 1 2
6 3 2 1 2 2 2
5 4 1 2 3
5 3 1 3 1 1
6 2 2 1 2 3
6 4 2 1 2 3
6 5 2 4 4
6 5 3 4
7 4 2 6
7 5 2 7
6 6 7
6 6 1 9
6 5 4 9
5 5 4 7
6 5 4 5
6 3 5 5
6 2 3 6
6 4 5
6 4 1 5
6 3 2 15
18 14
18 17
23 6 3
17 1 1 1 1 3 3 5
17 3 1 2 9
14 8 7
11 1 4 6
13 2 5
5 4 4
1 4

# y
2 7
18
2 20
26
27
28
16 6
8 7
5 8
4 9
3 8
2 8
2 10
1 10
1 9
9
3 9
2 9 8
5 11 7
6 12 1 2 1
5 12 2 1
5 3 7 1 4
2 2 1
5 2
1 2 1
4 3
1 5 5
7 5 2
6 7 4
2 4 3 1
6 3
4 5
12 4 6
2 4 2 5
1 7 4
1 6 5
1 2 7
2 6 2
5 7 2
1 1 12 3
3 15 5
17 7
13 8
4 1 9 8
7 6 8
